Nom;CodeSpot;Region;CodeRegion;Description;Localisation;DistFromParis;DistFromParisAutoroute;TimeFromParis;PéageFromParis;PéageFromParis2;MareeDesc;OrientationDesc;IsFoil;FoilDesc;WaveDesc;IsContraintEte;ContraintEte;Long;Lat;Windfinder;Windguru;Meteo France;MeteoConsult;AlloSurf;Merteo;Temp eau;Webcam;Balise;Maree;top;OK;warn;KO;n;nne;ne;ene;e;ese;se;sse;s;ssw;sw;wsw;w;wnw;nw;nnw;URL1;Titre1;Commentaire1;URL2;Titre2;Commentaire2;URL3;Titre3;Commentaire3;URL4;Titre4;Commentaire4
Wissant ;wis;Pas de calais;pdc;Effet venturi par sud-ouest.<br />plage de sable.<br />Vagues présentes par sud-ouest<br />Super en Sud-Ouest et en Nord Est <br />Inconvénients<br /><ul><li>Courants</li><li>Fréquenté avec peu de places de parking</li>Très clapoteux et technique par vent fort</li><li>La mer est loin à marée basse.</li></ul>.<br />Par nord-est, c’est le plus souvent freeride ou slalom. Le vent n’y est pas accéléré par le cap comme par sud-ouest. On bénéficie d’un petit thermique en été mais ça reste assez léger. Par nord-est, des conditions plus light que prévues par la météo.<br /><br /><b>Attention à la marée descendante</b> où le courant est dans le même sens que le vent. On est toujours obligé de caper pour ne pas avoir à remonter la plage à pied.<br />Quand le vent est fort, ca cartonne vraiment, les vagues sont imposantes et la barre devient vite très compliquée à passer. Sans parler du courant, qui atteint des vitesses record !;Prenez la sortie Wissant sur l’autoroute A16 entre Boulogne et Calais. Deux itinéraires sont possibles selon votre lieu de départ : A1 vers Calais ou A16 vers Boulogne. Après la sortie c’est fléché et il faut 10 minutes pour rejoindre la plage une fois sortie de l’autoroute.<br />Dès que l’on arrive en vue du remblai de la plage, il faut prendre à droite une rue réservée aux riverains pour arriver sur un parking.;280;263;165;;;;;;;;;;1.657;50.888;http://www.windfinder.com/forecast/wissant;http://www.windguru.cz/fr/index.php?sc=110&sty=m_spot;http://www.meteofrance.com/previsions-meteo-france/wissant/62179;http://marine.meteoconsult.fr/meteo-marine/meteo-spots-de-glisse/manche/previsions-meteo-wissant-298-0.php;;http://www.merteo.fr/?spot=2157;http://www.meteocity.com/france/plage/wissant_p62899/;;;http://maree.info/6;;0.0->8.0;8.0->10.0;;OK;top;top;OK;KO;KO;KO;KO;KO;top;top;top;OK;OK;OK;OK;http://www.w-idf.fr/pages/PageSpot.php?spotId=4;Titre 1;Commentaire 2;http://akifkite.fr/phpBB3/lc4_spot.php?action=DETAIL&sid=cb5eec8969ab74cc2de6e4f27369a8b0&spot_id=33&vec=nnnnnnnnnonnnnnn;Titre 3;Commentaire 3;https://intranet.ffvl.fr/sites_pratique/voir/2210;Titre 4;Commentaire 4;http://www.kitetrip-planner.com/fr/guide-des-destinations/spot/1168-wissant.html;Titre 5;Commentaire 5
Wimereux;wim;Pas de calais;pdc;Il n'y pas de de plage à marée haute. <br />Attention aussi aux zones Rocheuses au sud (fort de Croix) et au nord de la Plage.<br />Attention plage interdite au kitesurf en pleine saison (Juillet-Aoùt).;En arrivant par l'autoroute A16 sortir à Wimereux sud et à l'entrée de la ville, suivre les indications "Centre Régional de voile", "Digue de mer". Possibilités de se garer sur des places de parking face à la mer ou à proximité du club nautique. ;265;252;167;;;;;;;;;;1.6052;50.7654;http://www.windfinder.com/forecast/wimereux;http://www.windguru.cz/fr/index.php?sc=48354&sty=m_spot;http://www.meteofrance.com/previsions-meteo-france/wimereux/62930;http://marine.meteoconsult.fr/meteo-marine/meteo-spots-de-glisse/manche/previsions-meteo-wimereux-4-0.php;;http://www.merteo.fr/?spot=2153;http://www.meteocity.com/france/plage/wissant_p62899/;;;http://maree.info/7;;0.0->6.0;6.0->7.5;7.5->10.0;warn;warn;warn;KO;KO;KO;KO;warn;top;top;top;OK;OK;OK;OK;OK;https://intranet.ffvl.fr/sites_pratique/voir/2209;Titre 2;Commentaire 3;http://www.wimereux.biz/bigwebcam.htm;Titre 4;Commentaire 4;http://www.kitetrip-planner.com/fr/guide-des-destinations/spot/1170-wimereux.html;Titre 5;Commentaire 5;;;
Boulogne sur mer;bsm;Pas de calais;pdc;Par vent de SO le vent vient du port = raffaleux, mais le spot est protégé par un grand brise-lame, le plan d'eau est plat. <br />Plage de sable.<br />Lieu de repli quand les conditions sont trop difficiles;Prendre l’A16 et quitter l’autoroute à la sortie 32 : Boulogne-Nord, Wimereux-Sud, Nausicaa.<br /> Suivre les indications Nausicaa et Boulogne et vous arriverez en vue de la rade.<br /> La plage est juste avant le centre Nausicaa.;265;252;163;;;;;;;;;;1.594;50.7307;http://www.windfinder.com/forecast/boulogne;http://www.windguru.cz/fr/index.php?sc=108996&sty=m_spot;http://www.meteofrance.com/previsions-meteo-france/boulogne-sur-mer/62200;http://marine.meteoconsult.fr/meteo-marine/meteo-abords-du-port/manche/previsions-meteo-boulogne-sur-mer-287-0.php;;http://www.merteo.fr/?spot=2165;http://www.meteocity.com/france/plage/wissant_p62899/;;;http://maree.info/7;;0.0->10.0;;;OK;warn;KO;KO;KO;KO;KO;warn;OK;OK;top;top;OK;OK;OK;OK;http://www.w-idf.fr/pages/PageSpot.php?spotId=7;Titre 3;Commentaire 4;;;;;;;;;
Le portel;por;Pas de calais;pdc;Par vent de nord et nord-est le spot est relativement plat et donc conseillé pour les débutants, en revanche lors d'un secteur sud-ouest, de force 6 ou plus la mer devient particulièrement mêler à cause d'une digue, cependant cette zone est encore praticable mais il est préférable d'être un pratiquant autonome !;Voisin de Boulogne-sur-mer;261;235;172;;;;;;;;;;1.5816;50.7121;http://www.windfinder.com/forecast/le_portel;http://www.windguru.cz/fr/index.php?sc=109010&sty=m_spot;http://www.meteofrance.com/previsions-meteo-france/le-portel/62480;http://marine.meteoconsult.fr/meteo-marine/meteo-plage/bassin-par-defaut/previsions-meteo-plage-du-portel-691-0.php;;http://www.merteo.fr/?spot=2411;http://www.meteocity.com/france/plage/berck_p62108/;;;http://maree.info/7;;0.0->10.0;;;top;OK;top;warn;KO;KO;KO;warn;warn;warn;OK;OK;OK;OK;OK;OK;https://intranet.ffvl.fr/sites_pratique/voir/13162;Titre 4;Commentaire 5;;;;;;;;;
Touquet/La baie de la Canche ;tou;Pas de calais;pdc;La baie de la canche située au Touquet est un pur spot de vitesse.<br />La baie se remplit à marée haute tout en étant protégée des vagues par un banc de sable.<br /><br />N’allez pas trop loin vers l’embouchure. spécialement par marée descendante. A cet endroit les courant et les tourbillons sont violents.<br /><br />Toute orientation de vent mais souvent irrégulier de Nord a Est pratique a marée haute;Prendre l’autoroute A16 sortie Le Touquet.<br />Une fois arrivé vers le Touquet dirigez-vous vers le yachting club.<br />A gauche de l’entrée du club se trouve un parking. Entrez dans le parking et prenez la petite route au fond à droite. Elle longe la crête sur 200 mètres puis oblique vers le Touquet à nouveau.<br /><br />Garez vous à proximité du chemin qui descend vers la crique.;241;222;160;;;;;;;;;;1.58701;50.5404;http://www.windfinder.com/forecast/le_touquet_paris_plage;http://www.windguru.cz/fr/index.php?sc=48359&sty=m_spot;http://www.meteofrance.com/previsions-meteo-france/le-touquet-paris-plage/62520;http://marine.meteoconsult.fr/meteo-marine/meteo-spots-de-glisse/bassin-par-defaut/previsions-meteo-le-touquet-1788-0.php;;http://www.merteo.fr/?spot=2175;http://www.meteocity.com/france/plage/berck_p62108/;;;http://maree.info/8;;5.0->10.0;4.0->5.0;0.0->4.0;OK;OK;OK;OK;OK;OK;OK;OK;OK;OK;OK;OK;OK;OK;OK;OK;http://www.w-idf.fr/pages/PageSpot.php?spotId=6;Titre 5;Commentaire 6;https://intranet.ffvl.fr/sites_pratique/voir/2176;Titre 7;Commentaire 7;;;;;;
Le Touquet base sud;tob;Pas de calais;pdc;La zone de décollage se situe à gauche du chenal lorsqu'on regarde la mer au niveau de la descente pour bateaux et char à voileGrande plage de sable fin réduite lors de grandes marées.<br />Zone de navigation réduite en période estivale ( zone de bain );Autoroute A 16 sortie Etaples Le Touquet Le touquet bl Pouget base nautique sud.<br />Stationnement sur parking payant et gratuit.<br /><br />L'accés à la base en voiture est interdit.<br />Descendre depuis le parking à la plage par des escaliers;241;222;160;;;;;;;;;;1.57705;50.5171;http://www.windfinder.com/forecast/le_touquet_paris_plage;http://www.windguru.cz/fr/index.php?sc=48359&sty=m_spot;http://www.meteofrance.com/previsions-meteo-france/le-touquet-paris-plage/62520;http://marine.meteoconsult.fr/meteo-marine/meteo-spots-de-glisse/bassin-par-defaut/previsions-meteo-le-touquet-1788-0.php;;http://www.merteo.fr/?spot=2175;http://www.meteocity.com/france/plage/berck_p62108/;;;http://maree.info/8;;0.0->10.0;;;OK;warn;KO;KO;KO;KO;KO;warn;OK;OK;top;top;top;top;top;OK;https://intranet.ffvl.fr/sites_pratique/voir/2175;Titre 6;Commentaire 7;http://www.kitetrip-planner.com/fr/guide-des-destinations/spot/1171-le-touquet.html;Titre 8;Commentaire 8;;;;;;
Berck;ber;Pas de calais;pdc;Ultra flat dans les baïnes qui sont présentent au dessous de 7m (marée).<br /> En Ouest on longe la mer dans les baïnes, c'est top, mais il ne faut pas être trop nombreux => l’hiver.<br /><br /> <b>Les vagues</b> peuvent être parfois désordonnées<br /><br /><b>Profondeur d'eau</b> : pieds assez loin<br />Grande plage de sable, sans contraintes vis à vis des marées.;A16 sortie 25 direction Berck<br />Esplanade Parmentier<br /><br /><b>Depuis Paris :</b>222 km / temps de parcours 2h25 / péage 12,4€ ;230;210;154;;;;;;;;;;1.56233;50.4118;http://www.windfinder.com/forecast/berck-sur-mer;http://www.windguru.cz/fr/index.php?sc=1061&sty=m_spot;http://www.meteofrance.com/previsions-meteo-france/berck/62600;http://marine.meteoconsult.fr/meteo-marine/meteo-spots-de-glisse/bassin-par-defaut/previsions-meteo-berck-1789-0.php;;http://www.merteo.fr/?spot=2162;http://www.meteocity.com/france/plage/berck_p62108/;;;http://maree.info/8;;0.0->10.0;;;OK;warn;KO;KO;KO;KO;KO;warn;OK;OK;top;OK;OK;OK;OK;OK;http://akifkite.fr/phpBB3/lc4_spot.php?action=DETAIL&spot_id=5&vec=nnnnnnnnnonnnnnn;Titre 7;Commentaire 8;https://intranet.ffvl.fr/sites_pratique/voir/2260;Titre 9;Commentaire 9;;;;;;
Fort Mahon/Quend;fom;Somme;som;les zones en face des digues protégeant les 2 villes ( Quend / Fort Mahon) sont interdites au kite quelque soit la marée<br /> vagues désordonnées<br />- profondeur d'eau : pieds pas très loin<br />- plage de sable dur<br />- le spot se situe entre les 2 villes espacées d'environ 2 km<br /><br />Mer assez loin à marée basse.<br /><br />Mise à l'eau facile, attention, il y a des vagues, rarement du clapot.;Suivre Fort Mahon;223;191;154;;;;;;;;;;1.54889;50.3436;http://www.windfinder.com/forecast/fort_mahon_plage;http://www.windguru.cz/fr/index.php?sc=559432&sty=m_spot;http://www.meteofrance.com/previsions-meteo-france/fort-mahon-plage/80120;http://marine.meteoconsult.fr/meteo-marine/meteo-spots-de-glisse/bassin-par-defaut/previsions-meteo-fort-mahon-plage-4883-0.php;;http://www.merteo.fr/?spot=2400;http://www.meteocity.com/france/plage/le-crotoy_p80228/;;;http://maree.info/150;;0.0->10.0;;;OK;OK;KO;KO;KO;KO;KO;OK;OK;OK;top;top;top;top;top;top;http://akifkite.fr/phpBB3/lc4_spot.php?action=DETAIL&spot_id=13&vec=nnnnnnnnnonnnnnn;Titre 8;Commentaire 9;https://intranet.ffvl.fr/sites_pratique/voir/2215;Titre 10;Commentaire 10;http://www.kitetrip-planner.com/fr/guide-des-destinations/spot/1190-nord-pdc-fort-mahon.html;Titre 11;Commentaire 11;;;
Le Crotoy;cro;Somme;som;Pied partout, avec du sable.<br />Navigable à partir de 8m d'eau (marée : coef >50).;Prendre l’autoroute A16 sortie 23: Abbeville nord (direction A28).<br />Ensuite la direction Le Crotoy est bien panneautée.<br />A l’entrée du Crotoy suivez la direction plage qui vous mènera au remblai.<br />Prenez le jusqu’au bout et garez vous à coté d’un petit parc.;208;178;144;;;;;;;;;;1.613;50.224;http://www.windfinder.com/forecast/le_crotoy;http://www.windguru.cz/fr/index.php?sc=162&sty=m_spot;http://www.meteofrance.com/previsions-meteo-france/le-crotoy/80550;http://marine.meteoconsult.fr/meteo-marine/meteo-spots-de-glisse/manche/previsions-meteo-le-crotoy-450-0.php;;http://www.merteo.fr/?spot=2134;http://www.meteocity.com/france/plage/le-crotoy_p80228/;;;http://maree.info/150;;6.0->10.0;;0.0->6.0;warn;KO;KO;KO;KO;KO;KO;warn;OK;OK;OK;OK;top;OK;OK;OK;http://www.w-idf.fr/pages/PageSpot.php?spotId=5;Titre 9;Commentaire 10;http://akifkite.fr/phpBB3/lc4_spot.php?action=DETAIL&spot_id=6&vec=nnnnnnnnnonnnnnn;Titre 11;Commentaire 11;https://intranet.ffvl.fr/sites_pratique/voir/2163;Titre 12;Commentaire 12;http://www.kitetrip-planner.com/fr/guide-des-destinations/spot/1169-le-crotoy.html;Titre 13;Commentaire 13
Cayeux-sur-Mer;cay;Somme;som;La prévision de Windguru pour Cayeux est en général un peu en dessous du vent effectif<br />Il semblerait que ce soit un spot dangereux (voir lien ci-dessous).;Accès en venant de l'A16, direction Cayeux sur mer, sortir juste à l'entrée du bourg de la Mollière<br />traverser la Molilière jusqu’au dernier rond-point qui a une sortie sur un immense « parking » de galets.;215;178;151;;;;;;;;;;1.519096;50.205839;http://www.windfinder.com/forecast/cayeux-sur-mer;http://www.windguru.cz/fr/index.php?sc=87904&sty=m_spot;http://www.meteofrance.com/previsions-meteo-france/cayeux-sur-mer/80410;http://marine.meteoconsult.fr/meteo-marine/meteo-spots-de-glisse/bassin-par-defaut/previsions-meteo-cayeux-2808-0.php;;http://www.merteo.fr/?spot=2397;http://www.meteocity.com/france/plage/le-crotoy_p80228/;;;http://maree.info/150;;0.0->10.0;;;OK;OK;OK;warn;KO;KO;KO;KO;KO;OK;top;top;top;top;top;OK;http://www.kitesurf-baiedesomme.fr/webcam;Titre 10;Commentaire 11; http://forum.flysurf.com/bar/cayeux-sur-mer-spot-de-kite-t41556-10.html;Spot dangereux ?;Forum sur la dangerosité de ce spot…;;;;;;
Saint Aubin;stau;Seine-Maritime;sem;Spot avec grande plage, sans risque.<br />seule spot de Haute-Normandie qui fonctionne par Est<br />Le vent y est un peu plus fort que dans le Calvados ou au Havre;On peut passer par Rouen puis direction Dieppe ou continuer sur l'A13 pour prendre le pont de Brotonne en passant par Yvetot et La Chappelle sur Dun (un peu plus long mais on évite le centre ville de Rouen). Dans tout les cas on arrive à Bourg le Dun, où  l’on prend la route de Saint-Aubin Sur Mer.<br />Dans Saint-Aubin prendre a gauche dans le début du village: route de Saussemare, 2km a droite (avant une montée) parking.;198;169;142;;;A <b>marée basse</b>, le spot est idéal: plage de sable et beaucoup de place pour décoller sa voile.<br /><br />En revanche, à <b>marée haute</b>, le décollage est plus laborieux, voir <b>dangereux</b>. Il y a tres peu de place pour décoller, et l'attérissage, comme le décollage se fiat proche des falaises. Réserver au sucidaire de trés bon niveau.<br /><br /><b>Marée descendante</b>: les vagues se font plus nettes.<br /><br /><b>Pas mal de courant</b>. il va de gauche à droite à la marée descendante et s'inverse à la remontante. C'est à dire par SO, choisis une marée descendante (ou une montante par NE).;Par <b>sud-ouest</b>, le vent est side-off-shore.<br /><br />Par <b>ouest-sud-ouest</b>, orientation idéale : side shore, mais il faut un peu s'écarter de la falaise (en allant vers Saint-Aubin centre).<br /><br />Par <b>Ouest</b>, très bien aussi, mais on est alors side on sohre pour surfer et side pour sauter (les vagues ne sont pas parallèles à la plage.<br /><br />Par <b>Nord-Ouest</b> vent on-shore vagues pouvant être assez grosses, avec de gros paquet (barre pas facile à passer (il faut de la toile, du volume et un niveau certan).<br /><br />Par <b>Nord-est</b> très sympa aussi et vent on shore avec des vagues qui peuvent monter dans la journée.<br /><br />Par <b>est</b> un des seul spots de haute Normandie à fonctionner : side off shore irrégulier.;;;;;;0.862;49.893;http://www.windfinder.com/forecast/saint_aubin_sur_mer;http://www.windguru.cz/fr/index.php?vs=1&sc=371294;http://www.meteofrance.com/previsions-meteo-france/saint-aubin-sur-mer/76740;http://marine.meteoconsult.fr/meteo-marine/meteo-spots-de-glisse/manche/previsions-meteo-saint-aubin-sur-mer-185-1.php;;http://www.merteo.fr/?spot=2381;http://www.meteocity.com/france/plage/dieppe_p76217/;;;http://maree.info/14;;0.0->7.0;7.0->10.0;;OK;OK;OK;OK;warn;warn;KO;KO;KO;KO;warn;OK;top;top;top;OK;http://www.w-idf.fr/pages/PageSpot.php?spotId=1;Balise de vent;Balise de vent de la FFVL, permettant d'avoir le vent et son orientation en direct…;http://akifkite.fr/phpBB3/lc4_spot.php?action=DETAIL&spot_id=4&vec=nnnnnnnnnonnnnnn;akif ;Site de l'AKIF (Association Kitesurf île de France) sur Saint Aubin. Page complet sur le spot et les conditions de navigation;https://intranet.ffvl.fr/sites_pratique/voir/2247;FFVL;Page de la FFVL (Fédération Française de Voile Libre) sur le spot de Saint Aubin. Pas beaucoup d'info (dernière mise à jour 2010).;;;
Veulettes-sur-Mer;vsm;Seine-Maritime;sem;Attention à mi-marée on ne voit pas les plateaux rocheux.<br />A marée basse avec un coef moyen <80 une baie assez grande se forme avec peu d’eau et du sable en dessous.<br />C'est spot que j'aime beaucoup, malgrès la faible fréquentation, et surtout une plage de galet à marée haute.;Dans Veulette même;202;170;140;;;;;;;;;;0.60348;49.85421;http://www.windfinder.com/forecast/veulettes_sur_mer;http://www.windguru.cz/fr/index.php?sc=48371&sty=m_spot;http://www.meteofrance.com/previsions-meteo-france/veulettes-sur-mer/76450;http://marine.meteoconsult.fr/meteo-marine/meteo-spots-de-glisse/bassin-par-defaut/previsions-meteo-veulettes-1795-0.php;;http://www.merteo.fr/?spot=2142;http://www.meteocity.com/france/plage/dieppe_p76217/;;;http://maree.info/15;;0.0->7.0;7.0->10.0;;OK;OK;OK;warn;KO;KO;KO;KO;KO;KO;warn;OK;OK;OK;OK;OK;http://new.funandkite.com/v2/forum_topic_view-id_topic-15158-titretopic-session+kite+veulette+sur+mer.html;Titre 12;Commentaire 13;;;;;;;;;
Antifer;ant;Seine-Maritime;sem;L’arrivée sur le spot est somptueuse.<br /><br />Antifer est un des meilleurs spots lorsque le vent tourne Sud-Ouest avec pas mal de houle et un wind super régulier qui arrive sideshore.<br />La plupart du temps lorsque y'a pétole sur toute la région, Antifer offre 15/20 noeuds Sud Sud-Ouest grâce a l'accélération du vent dû aux falaises.<br /><br />Le spot fonctionne de Sud-Ouest à Nord-Ouest, les autres orientations sont super irrégulières et le vent fait n'importe quoi = dévente et galère a gogo. <br />Bon spots de vagues par Sud-Ouest pour les plus forts.<br /><br />Attention par Sud Ouest, la digue du terminal pétrolier attire les kiters et les planchistes comme un aimant.;Depuis Paris : A13 direction le Havre, puis au Havre, passer a St-Adresse puis direction Etretat. 20 Kms après le Havre, faites gaffe, il faut tourner a gauche direction St-Jouin. Puis direction le"Terminal Pétrolier"<br />Garez vous tout au bout du parking a  gauche du port;211;184;138;;;;;;;;;;0.152109;49.661754;http://www.windfinder.com/forecast/antifer;http://www.windguru.cz/fr/index.php?sc=48376&sty=m_spot;http://www.meteofrance.com/previsions-meteo-france/la-poterie-cap-d-antifer/76280;http://marine.meteoconsult.fr/meteo-marine/meteo-spots-de-glisse/manche/previsions-meteo-antifer-312-0.php;;http://www.merteo.fr/?spot=2128;http://www.meteocity.com/france/plage/le-havre_p76351/;;;http://maree.info/17;;0.0->7.0;7.0->10.0;;KO;KO;KO;KO;KO;KO;KO;KO;warn;top;top;top;warn;top;top;warn;http://kiteandfun.chez-alice.fr/lesautresspots.html;Titre 13;Commentaire 14;http://rkite.free.fr/phpBB3/viewtopic.php?f=6&t=233;Titre 15;Commentaire 15;;;;;;
Spot Secret - Octeville;oct;Seine-Maritime;sem;On navigue par Nord-Est avec des tops conditions;Si vous venez du havre allez direction Etretat par la D940. Vous allez forcément tombez après 7 ou 8 Km sur le 1er giratoire d'Octeville (pas celui avec le cheval). Arrivez a celui-ci continuez vers Etretat et 400M après le giratoire (toujours sur la 940) il faut prendre la route qui part à gauche (en face se trouve un garage citroen). Continuez tout droit tout le temps (environ 1,5 Km) et vous arrivez alors sur un petit parking en haut de la falaise.<br />Déjà si vous étes arrivés là c'est pa si mal. Maintenant préparez-vous a descendre la valeuse. Vous devriez voir a gauche du parking l'entrée de la valeuse. Descendez-là et vous arrivez sur une plage avec plein de rochers et de galets (= mission impossible pour kiter). Il faut alors commencer à marcher vers la droite pour rejoindre le spot (environ 15 mn à tout casser). Le site est facile à repérer car il se cré une grande baie de sable d'environ 400 m. Normalement plus ou moins en face du spot il y'a une assez grosse cabane abandonnée.;201;186;126;;;;;;;;;;0.086623;49.649;http://www.windfinder.com/forecast/octeville;http://www.windguru.cz/fr/index.php?sc=71154&sty=m_spot;http://www.meteofrance.com/previsions-meteo-france/octeville-sur-mer/76930;;;;http://www.meteocity.com/france/plage/le-havre_p76351/;;;http://maree.info/17;;0.0->10.0;;;top;top;top;KO;KO;KO;KO;KO;KO;warn;top;top;top;top;top;top;http://kiteandfun.chez-alice.fr/lespotsecret.html;Titre 14;Commentaire 15;;;;;;;;;
Sainte-Adresse;stad;Seine-Maritime;sem;Plage de gros galet.<br />La plage la plus polyvalente quant aux orientations de vent en Haute Normandi.<br />Bon thermique de Nord-Est au printemps et en été: de mai à juin c’est la direction du thermique qui peut monter à 20 nœuds alors qu’il y a un petit souffle le matin. Attention il coupe assez brutalement aux alentours de 17-18 heures.<br /><br />L’inconvénient du Nord-Est est que la zone sous le vent du cap est déventée. Il faut quelque fois marcher en s’éloignant du havre vers la plage appelée « le bout du monde » pour trouver une mise à l’eau ventée. Pour cela il faut prendre le chemin en contrebas de la promenade et passer la baraque du club de planchistes.<br /><br />A marée descendante, vent et courant pousse vers le Havre.<br /><br />Les courants de l’estuaire sont très importants. A marée descendante ils vous sortent de la baie.<br />Par Sud Sud-Est, préférez le spot de "la digue" nord. Lorsque ca souffle de Nord à Nord-Est il faut se débrouiller pour rejoindre la plage de Saint-Adresse (au cap de la Hève) sinon le vent est super irrégulier à cause de la colline situé à droite du spot.<br />Par Ouest, Ouest Sud-Ouest et Nord-Ouest dirigez vous au milieu de la plage à la hauteur de la résidence le Ponant..;Prendre l’A13 puis la bifurcation jusqu’au Havre. Ensuite suivre les indications pour aller vers la plage. La longer en allant vers le nord jusqu’à Saint-Adresse. On entre dans une petite cité avec voie à sens unique qu’il faut suivre jusqu’au fond.;198;185;135;;;;;;;;;;0.074;49.505;http://www.windfinder.com/forecast/cap_de_la_heve;http://www.windguru.cz/fr/index.php?sc=48377&sty=m_spot;http://www.meteofrance.com/previsions-meteo-france/sainte-adresse/76310;http://marine.meteoconsult.fr/meteo-marine/meteo-spots-de-glisse/manche/previsions-meteo-sainte-adresse-189-0.php;;http://www.merteo.fr/?spot=2144;http://www.meteocity.com/france/plage/le-havre_p76351/;;;http://maree.info/19;;0.0->7.0;7.0->10.0;;top;top;top;KO;KO;KO;warn;warn;warn;top;top;top;top;top;top;top;http://www.w-idf.fr/pages/PageSpot.php?spotId=3;Titre 15;Commentaire 16;http://fr.webcams.travel/webcam/1429566220;Titre 17;Commentaire 17;http://fr.webcams.travel/webcam/1429566200-sainte-adresse-le-havre-panoramique-hd;Titre 18;Commentaire 18;http://kiteandfun.chez-alice.fr/lespotduhavre.html;Titre 19;Commentaire 19
Houlgate;hou;Calvados;cal;Attention à marée haute peu de place + shorebreak<br />Zone réservée pour le Kite surf se situe après le poste de secours en prenant la direction de Dives-Sur-Mer (après le Temple).<br />Spot accessible en train …;Suivre Houlgate;211;187;137;;;;;;;;;;-0.085487;49.2995;http://www.windfinder.com/forecast/houlgate;http://www.windguru.cz/fr/index.php?sc=48381&sty=m_spot;http://www.meteofrance.com/previsions-meteo-france/houlgate/14510;http://marine.meteoconsult.fr/meteo-marine/meteo-abords-du-port/manche/previsions-meteo-houlgate-271-0.php;;http://www.merteo.fr/?spot=2121;http://www.meteocity.com/france/plage/port-en-bessin-huppain_p14515/;;;http://maree.info/24;;0.0->10.0;;;OK;OK;OK;warn;warn;KO;KO;KO;KO;KO;KO;warn;OK;OK;OK;OK;https://intranet.ffvl.fr/sites_pratique/voir/2167;Titre 16;Commentaire 17;http://www.kite-family.com/ou-partir-kiter-en-train-kitesurf-spot-houlgate/;Titre 18;Commentaire 18;;;;;;
Cabourg;cab;Calvados;cal;L’endroit est parfaitement adapté à l’apprentissage du Kitesurf grâce à un plan d’eau avec peu de profondeur à marée basse (2h avant et 2h après) et protégé des vagues par de grand bancs de sable à marée basse.<br />Le spot fonctionne par vent de secteur Ouest, Nord-Ouest, Nord et Nord Est.<br /><br />C'est un spot qui dispose encore de la place, comparé aux spots qui l'entoure. Tout le coté EST de cette plage est une zone de pratique libre du kitesurf tout au long de l'année.;Suivre Cabourg;217;204;129;;;;;;;;;;-0.092483;49.299;http://www.windfinder.com/forecast/dives_sur_mer;http://www.windguru.cz/fr/index.php?sc=48382&sty=m_spot;http://www.meteofrance.com/previsions-meteo-france/cabourg/14390;http://marine.meteoconsult.fr/meteo-marine/meteo-spots-de-glisse/manche/previsions-meteo-cabourg-323-0.php;;http://www.merteo.fr/?spot=2114;http://www.meteocity.com/france/plage/port-en-bessin-huppain_p14515/;;;http://maree.info/24;;0.0->8.0;8.0->10.0;;OK;OK;top;OK;OK;warn;KO;KO;KO;KO;KO;warn;OK;OK;top;OK;https://intranet.ffvl.fr/sites_pratique/voir/2249;Titre 17;Commentaire 18;;;;;;;;;
Deauville;dea;Calvados;cal;Espace reservé au kite.<br />Spot accessible par train.<br />Ca peut tres vite etre le chantier, sauf a merré basse ou des baïnes se forment;Suivre Deauville;200;187;126;;;;;;;;;;0.059891;49.360814;http://fr.windfinder.com/forecast/deauville;http://www.windguru.cz/fr/index.php?sc=48380&sty=m_spot;http://www.meteofrance.com/previsions-meteo-france/deauville/14800;http://marine.meteoconsult.fr/meteo-marine/meteo-spots-de-glisse/bassin-par-defaut/previsions-meteo-deauville-1797-0.php;;http://www.merteo.fr/?spot=2117;http://www.meteocity.com/france/plage/port-en-bessin-huppain_p14515/;;;http://maree.info/23;;0.0->10.0;;;top;top;OK;OK;warn;KO;KO;KO;KO;warn;OK;top;top;top;OK;OK;http://akifkite.fr/phpBB3/lc4_spot.php?action=DETAIL&spot_id=34&vec=nnnnnnnnnonnnnnn;Titre 18;Commentaire 19;;;;;;;;;
Merville-Franceville-Plage;mfp;Calvados;cal;Le spot de Franceville fonctionne essentiellement par brise marine qui vient du nord-est et se lève l'après midi. Mais il fonctionne également trés bien par NW et W, qui peut lever de grosses vagues. Les vents de sud ouest rendent le spot principal Side off, mais permet de surfer parfois de trés longue gauche jamais trés grosses mais trés propres. Enfin tous les secteurs de vent du SE au SW sont navigable dans l'estuaire avec encore de magnifiques flacs, pour être en sécurité. <br />Quand le vent rentre de Nord Est, il y a une sorte d'effet venturi qui accélère largement.;Arrivée dans Franceville il faut rejoindre le boulevard Wattier (qui longe la plage) et se diriger vers l'ouest (à gauche en regardant la mer) au bout de ce boulevard, il y a un rond point et une barrière en bois, ou l'on peut lire 'zone de kitesurf'.<br />Il est interdit de stationner, ni même de rentrer dans le chemin (même en décembre!), on se gare dans la rue (le matos ne craint rien dans les voitures, mais planquez portable et portefeuille). <br /><br />Ensuite vous prenez votre matos sur le dos et empruntez le chemin de terre jusqu'à la plage. Vous arriverez sur le spot (ouah, c'est immense!) ensuite il faudra choisir tout droit, à droite ou à gauche pour aller rider, c'est comme on veut selon l'orientation du vent et son niveau de pratique (attention entre le 1 juillet et le 31 aout la zone réservée au kite est à gauche, mais c'est bien balisé on peut pas se gourer).;223;204;139;;;;;;;;;;-0.23139;49.2828;http://www.windfinder.com/forecast/merville_franceville_plage;http://www.windguru.cz/fr/index.php?sc=549268&sty=m_spot;http://www.meteofrance.com/previsions-meteo-france/merville-franceville-plage/14810;http://marine.meteoconsult.fr/meteo-marine/meteo-spots-de-glisse/manche/previsions-meteo-merville-franceville-plage-466-0.php;;http://www.merteo.fr/?spot=2118;http://www.meteocity.com/france/plage/port-en-bessin-huppain_p14515/;;;http://maree.info/25;;0.0->10.0;;;OK;OK;OK;OK;OK;OK;top;top;top;top;top;OK;OK;OK;OK;OK;https://intranet.ffvl.fr/sites_pratique/voir/2174;Titre 19;Commentaire 20;http://www.kitetrip-planner.com/fr/guide-des-destinations/spot/1191-normandie-franceville.html;Titre 21;Commentaire 21;;;;;;
Merville-Franceville Baïne;mfb;Calvados;cal;Sur le spot de Franceville, il y a une sorte de baïne dans l'estuaire qui apparaît à marée haute (au dessus de 6m d'eau) : voir le plan. <br />Dans cette baïne, l'eau est super flat, il est possible de naviguer sous n'importe qu'elle orientation de vent.<br />Attention les vents de secteurs sud sont des vents qui viennent de terre donc très capricieux, les moins aguerris peuvent être parfois surpris.<br />Quand le vent rentre de Nord Est, il y a une sorte d'effet venturi qui l'accélère.<br /><br />En été la baïne est sur-peuplé (école de kite …), le spot devient quasi impraticable, ce qui rend l'ambiance assez désagréable.;Arrivée à Franceville il faut rester sur la D514 (Route de Cabourg) et se diriger vers l'ouest (à gauche en regardant la mer).<br />Il faut sortir de la ville, et faire 1 km, pour tourner à droite en suivant « Base Nautique de Franceville ».<br /> Continuer la petite route durant environ 1 km, et dans un tournant, vous aures en face de vous un parking. C'est ici qu'il faut se garer.<br /> La il faut aller Nord-Ouest, c'est à dire sur le bunker.Puis continuer Nord Ouest.<br />Si vous êtes arrivé à l'ocean, c'est que vous n'êtes pas allé assez vers l'Ouest. Pas grave longé la plage à l'Ouest (Gauche face à la mer). Vous allez rapidement tomber dessus.;224;204;139;;;;;;;;;;-0.23139;49.2828;http://www.windfinder.com/forecast/merville_franceville_plage;http://www.windguru.cz/fr/index.php?sc=549268&sty=m_spot;http://www.meteofrance.com/previsions-meteo-france/merville-franceville-plage/14810;http://marine.meteoconsult.fr/meteo-marine/meteo-spots-de-glisse/manche/previsions-meteo-merville-franceville-plage-466-0.php;;http://www.merteo.fr/?spot=2118;http://www.meteocity.com/france/plage/port-en-bessin-huppain_p14515/;;;http://maree.info/25;;0.0->10.0;;;OK;OK;OK;OK;OK;OK;top;top;top;top;top;OK;OK;OK;OK;OK;https://intranet.ffvl.fr/sites_pratique/voir/2174;Titre 19;Commentaire 20;http://www.kitetrip-planner.com/fr/guide-des-destinations/spot/1191-normandie-franceville.html;Titre 21;Commentaire 21;;;;;;
Ouistreham;oui;Calvados;cal;Les vents de nords sont les meilleurs souvent additionnés à une brise thermique.;De Caen prendre la 4 voie direction Ouistreham car ferry suivre cette indication puis casino ou vous trouverez un parking.<br />Le parking est à coté de la plage.;233;205;150;;;;;;;;;;-0.253973;49.2911;http://www.windfinder.com/forecast/ouistreham;http://www.windguru.cz/fr/index.php?sc=163&sty=m_spot;http://www.meteofrance.com/previsions-meteo-france/ouistreham/14150;http://marine.meteoconsult.fr/meteo-marine/meteo-spots-de-glisse/manche/previsions-meteo-ouistreham-471-0.php;;http://www.merteo.fr/?spot=2126;http://www.meteocity.com/france/plage/port-en-bessin-huppain_p14515/;;;http://maree.info/25;;0.0->10.0;;;top;top;OK;OK;OK;OK;OK;warn;KO;KO;KO;warn;OK;OK;OK;top;;;;;;;;;;;;
Almanarre - Madrague;alm;Provence-Alpes-Cote d'Azur;paca;Spot de sable.;De Hyeres prendre diréction Giens par la route du sel. Zone de kite  indiqué.;860;851;490;;;;;;;;;;-0.253973;49.2911;http://www.windfinder.com/forecast/hyeres_almanarre;http://www.windguru.cz/fr/index.php?sc=14&sty=m_spot;http://www.meteofrance.com/previsions-meteo-france/hyeres/83400;http://marine.meteoconsult.fr/meteo-marine/meteo-spots-de-glisse/bassin-par-defaut/previsions-meteo-almanarre-5391-0.php;;http://www.merteo.fr/?spot=1223;http://www.meteocity.com/france/hyeres_v83069/;;;;;;;;OK;warn;KO;KO;KO;KO;KO;warn;OK;OK;top;top;top;top;top;OK;http://federation.ffvl.fr/sites_pratique/voir/2160;Titre 21;Commentaire 22;;;;;;;;;
Almanarre - Bergerie;alb;Provence-Alpes-Cote d'Azur;paca;En théorie, dans ces conditions, il faut aller sur la plage des salins…<br />Interdit durant l'été.;Entre Hyeres et Giens.;860;851;490;;;;Lorsque le vent est d'Est : Interdit durant l'été.;;;;;;6.1498;43.047869;http://www.windfinder.com/forecast/hyeres_almanarre;http://www.windguru.cz/fr/index.php?sc=14&sty=m_spot;http://www.meteofrance.com/previsions-meteo-france/hyeres/83400;http://marine.meteoconsult.fr/meteo-marine/meteo-spots-de-glisse/bassin-par-defaut/previsions-meteo-almanarre-5391-0.php;;http://www.merteo.fr/?spot=1223;http://www.meteocity.com/france/hyeres_v83069/;;;;;;;;warn;OK;top;top;top;top;top;OK;KO;KO;KO;KO;KO;KO;KO;KO;http://arnaud.molinier.free.fr/carroalmanarre.htm;Site perso sur les spots de la régions ;Pas mal d'infos, sur les différents spots de la région, dont l'Almanarre.;;;;;;;;;
Almanarre - Salins;als;Provence-Alpes-Cote d'Azur;paca;Spot officiel de l'Alamanarre par vent d'Est.<br /><br />En revanche, c'est un peu excentré, et le parking est à 50m …;Après l'aeroport de Hyeres, en ayant la mer à votre droite, il faut traverser le petit village et son port, pour prendre le 1er parking à droite.;860;851;490;;;;Spot officiel de l'Almanarre en Est.;;;;;;6.181368;43.107938;http://www.windfinder.com/forecast/hyeres_almanarre;http://www.windguru.cz/fr/index.php?sc=14&sty=m_spot;http://www.meteofrance.com/previsions-meteo-france/hyeres/83400;http://marine.meteoconsult.fr/meteo-marine/meteo-spots-de-glisse/bassin-par-defaut/previsions-meteo-almanarre-5391-0.php;;http://www.merteo.fr/?spot=1223;http://www.meteocity.com/france/hyeres_v83069/;;;;;;;;KO;warn;OK;OK;OK;OK;OK;OK;OK;OK;OK;warn;KO;KO;KO;KO;http://www.mer-vent.com/iphp/kite/spots/spot_salins.htm;Titre 23;Commentaire 24;;;;;;;;;
